            test/14843  test/14852  test/14865  test/14888  test/14900  \
test/14843    1.000000    0.001594    0.000818    0.001776    0.001361   
test/14852    0.001594    1.000000    0.001394    0.002146    0.001090   
test/14865    0.000818    0.001394    1.000000    0.001127    0.000954   
test/14888    0.001776    0.002146    0.001127    1.000000    0.001716   
test/14900    0.001361    0.001090    0.000954    0.001716    1.000000   
test/14907    0.000722    0.000766    0.000610    0.000856    0.000862   
test/14909    0.000939    0.001368    0.000423    0.001548    0.000577   
test/14921    0.003127    0.002657    0.001172    0.004622    0.002069   
test/14932    0.000729    0.000502    0.000255    0.000859    0.000597   
test/14941    0.001385    0.000655    0.000245    0.001369    0.000755   
test/14943    0.000164    0.000439    0.000176    0.000350    0.000173   
test/14949    0.000796    0.001206    0.000786    0.001296    0.000768   
test/14978    0.000645    0.000415    0.000256    0.000505    0.000064   
test/14982    0.002310    0.000858    0.000487    0.001128    0.001326   
test/15001    0.000149    0.000344    0.000173    0.000255    0.000168   
test/15004    0.000413    0.000253    0.000529    0.000610    0.000345   
test/15024    0.000480    0.000689    0.000347    0.000600    0.000247   
test/15031    0.000428    0.000577    0.000249    0.000399    0.000496   
test/15037    0.000502    0.000253    0.000173    0.000253    0.000345   
test/15052    0.000569    0.000510    0.000704    0.000867    0.000426   
test/15060    0.000638    0.000234    0.000076    0.000235    0.000151   
test/15061    0.000662    0.000690    0.000437    0.000869    0.000427   
test/15063    0.003461    0.002518    0.000974    0.002434    0.002118   
test/15069   -0.000013    0.000083    0.000087    0.000084    0.000174   
test/15091    0.001523    0.001261    0.000505    0.001798    0.001453   
test/15111    0.000405    0.000160    0.000260    0.000606    0.000164   
test/15119    0.000236    0.000343    0.000173    0.000343    0.000524   
test/15122    0.000802    0.000584    0.000430    0.001209    0.000948   
test/15124   -0.000011    0.000263   -0.000002    0.000084    0.000085   
test/15128    0.000458    0.000857    0.000611    0.001036    0.000863   
...                ...         ...         ...         ...         ...   
test/15255    0.001428    0.001348    0.000415    0.000993    0.000471   
test/15276    0.000814    0.000590    0.000432    0.000947    0.000774   
test/15281    0.000889    0.001118    0.000519    0.000851    0.000947   
test/15294    0.000818    0.000680    0.000344    0.000949    0.000865   
test/15302    0.000336    0.000169    0.000264    0.000348    0.000260   
test/15306    0.000609    0.000577    0.000428    0.000578    0.000675   
test/15308    0.001109    0.000829    0.000600    0.001009    0.000484   
test/15311    0.000222    0.000604    0.000349    0.000515    0.000429   
test/15335    0.001040    0.001284    0.000603    0.001107    0.001383   
test/15337    0.000656    0.000777    0.000703    0.000867    0.000693   
test/15349    0.001971    0.001440    0.000684    0.001442    0.001365   
test/15363    0.001863    0.001075    0.000413    0.000988    0.000734   
test/15366    0.000525    0.000936    0.000874    0.000848    0.000588   
test/15372    0.003551    0.001132    0.000544    0.001492    0.001615   
test/15404    0.000727    0.000947    0.000700    0.000859    0.000775   
test/15421    0.000910    0.001266    0.000775    0.000822    0.001368   
test/15425    0.000552    0.000860    0.000344    0.000860    0.001133   
test/15464    0.000405    0.000339    0.000260    0.000785    0.000520   
test/15467    0.000647    0.000951    0.000167    0.000595    0.000422   
test/15468    0.001087    0.000681    0.000523    0.000593    0.001044   
test/15479    0.000563    0.000686    0.000346    0.000598    0.000424   
test/15487    0.000162    0.000171    0.000086    0.000528    0.000351   
test/15501    0.001142    0.000577    0.000249    0.000845    0.000674   
test/15542    0.000069    0.000080    0.000086    0.000259    0.000171   
test/15544    0.000069   -0.000009    0.000086    0.000169    0.000082   
test/15545    0.000814    0.000946    0.000343    0.001125    0.000774   
test/15561    0.000756    0.000604    0.000349    0.000604    0.000607   
test/15565    0.001121    0.000657    0.000780    0.001104    0.000935   
test/15571    0.001656    0.000835    0.000335    0.001193    0.001113   
test/15575    0.000727    0.000858    0.000700    0.000680    0.000329   

            test/14907  test/14909  test/14921  test/14932  test/14941  \
test/14843    0.000722    0.000939    0.003127    0.000729    0.001385   
test/14852    0.000766    0.001368    0.002657    0.000502    0.000655   
test/14865    0.000610    0.000423    0.001172    0.000255    0.000245   
test/14888    0.000856    0.001548    0.004622    0.000859    0.001369   
test/14900    0.000862    0.000577    0.002069    0.000597    0.000755   
test/14907    1.000000    0.000421    0.001789    0.000343    0.000778   
test/14909    0.000421    1.000000    0.002005    0.000334    0.000851   
test/14921    0.001789    0.002005    1.000000    0.001083    0.001737   
test/14932    0.000343    0.000334    0.001083    1.000000    0.000423   
test/14941    0.000778    0.000851    0.001737    0.000423    1.000000   
test/14943    0.000086    0.000174    0.000163    0.000087    0.000085   
test/14949    0.000428    0.000684    0.001417    0.000786    0.000862   
test/14978    0.000255    0.000514    0.001534    0.000345    0.000425   
test/14982    0.000750    0.000807    0.002835    0.000666    0.000985   
test/15001    0.000173    0.000258    0.000148    0.000084    0.000258   
test/15004    0.000350    0.000168    0.000322    0.000173    0.000168   
test/15024    0.000257    0.000429    0.000656    0.000258    0.000429   
test/15031    0.000515    0.000324    0.000603    0.000338    0.000680   
test/15037    0.000172    0.000168    0.000768    0.000262    0.000168   
test/15052    0.000346    0.000607    0.001369    0.000347    0.000251   
test/15060    0.000253    0.000066    0.001170    0.000522    0.000155   
test/15061    0.000258    0.000519    0.001195    0.000259    0.000697   
test/15063    0.000876    0.002238    0.003442    0.000796    0.002238   
test/15069   -0.000002    0.000085    0.000165    0.000087    0.000085   
test/15091    0.000681    0.001909    0.002141    0.000773    0.001285   
test/15111    0.000260    0.000166    0.000493    0.000260    0.000344   
test/15119    0.000440    0.000169    0.000770    0.000262    0.000347   
test/15122    0.000518    0.000596    0.001868    0.000698    0.000596   
test/15124    0.000087   -0.000003   -0.000011   -0.000002    0.000086   
test/15128    0.000520    0.000244    0.001079    0.000789    0.000333   
...                ...         ...         ...         ...         ...   
test/15255    0.000680    0.000837    0.002136    0.000326    0.000926   
test/15276    0.000788    0.000511    0.001614    0.000343    0.000244   
test/15281    0.000428    0.000685    0.001510    0.000341    0.000418   
test/15294    0.000432    0.000512    0.001350    0.000611    0.000423   
test/15302   -0.000004    0.000261    0.000336    0.000086    0.000261   
test/15306    0.000426    0.000414    0.001051    0.000428    0.000859   
test/15308    0.000419    0.001027    0.001639    0.000511    0.001116   
test/15311    0.000259    0.000521    0.000487    0.000260    0.000342   
test/15335    0.000690    0.000677    0.002284    0.000693    0.001211   
test/15337    0.000257    0.000428    0.001011    0.000258    0.000428   
test/15349    0.000681    0.000929    0.002856    0.000862    0.000840   
test/15363    0.000499    0.000745    0.001589    0.000413    0.001191   
test/15366    0.000516    0.000504    0.000967    0.000161    0.000504   
test/15372    0.000715    0.000839    0.002287    0.000366    0.001374   
test/15404    0.000877    0.000779    0.001081    0.000433    0.000333   
test/15421    0.000861    0.000486    0.002153    0.000418    0.000842   
test/15425    0.000254    0.000602    0.000639    0.000344    0.000513   
test/15464    0.000260    0.000344    0.000671    0.000439    0.000433   
test/15467    0.000077    0.000336    0.000823    0.000167    0.000158   
test/15468    0.000521    0.000335    0.001263    0.000255    0.000513   
test/15479    0.000256    0.000605    0.000651    0.000346    0.000695   
test/15487    0.000175    0.000352    0.000429    0.000354    0.000262   
test/15501    0.000425    0.000591    0.001405    0.000962    0.000680   
test/15542    0.000085    0.000083    0.000068    0.000442    0.000172   
test/15544   -0.000004    0.000083    0.000157    0.000175    0.000172   
test/15545    0.000877    0.000690    0.001168    0.000165    0.000690   
test/15561    0.000259    0.000342    0.000933    0.000349    0.000432   
test/15565    0.000422    0.000318    0.001295    0.000959    0.000585   
test/15571    0.000689    0.001209    0.002543    0.000691    0.001031   
test/15575    0.000431    0.000690    0.001081    0.000344    0.000333   

               ...      test/15479    test/15487  test/15501    test/15542  \
test/14843     ...        0.000563  1.617788e-04    0.001142  6.895685e-05   
test/14852     ...        0.000686  1.709338e-04    0.000577  8.014635e-05   
test/14865     ...        0.000346  8.628945e-05    0.000249  8.565368e-05   
test/14888     ...        0.000598  5.276785e-04    0.000845  2.586220e-04   
test/14900     ...        0.000424  3.505936e-04    0.000674  1.709577e-04   
test/14907     ...        0.000256  1.751537e-04    0.000425  8.530401e-05   
test/14909     ...        0.000605  3.515234e-04    0.000591  8.294372e-05   
test/14921     ...        0.000651  4.286578e-04    0.001405  6.825751e-05   
test/14932     ...        0.000346  3.537406e-04    0.000962  4.422553e-04   
test/14941     ...        0.000695  2.623730e-04    0.000680  1.720941e-04   
test/14943     ...        0.000265 -5.721901e-07    0.000264  8.845105e-05   
test/14949     ...        0.000789  3.528824e-04    0.001135  2.629055e-04   
test/14978     ...        0.000347  1.756544e-04    0.000518  8.591593e-05   
test/14982     ...        0.000406  1.675722e-04    0.001268  2.543385e-04   
test/15001     ...        0.000442 -1.144380e-06    0.000260  8.775171e-05   
test/15004     ...        0.000174  8.786297e-05    0.000170  8.757687e-05   
test/15024     ...        0.000527  1.761551e-04    0.000432  8.652786e-05   
test/15031     ...        0.000787  1.741524e-04    0.000686  1.732306e-04   
test/15037     ...        0.000263  8.786297e-05    0.000437  8.757687e-05   
test/15052     ...        0.000438  8.700468e-05    0.000343  1.756783e-04   
test/15060     ...        0.000257 -2.932474e-06    0.000605  1.747167e-04   
test/15061     ...        0.000884  1.762981e-04    0.000611  1.758531e-04   
test/15063     ...        0.000991  6.025956e-04    0.001377  2.412258e-04   
test/15069     ...       -0.000002 -5.006663e-07   -0.000003 -6.119255e-07   
test/15091     ...        0.000778  5.282507e-04    0.000938  2.593213e-04   
test/15111     ...        0.000262  8.757687e-05    0.000346  1.763776e-04   
test/15119     ...        0.000263 -1.215904e-06    0.000616  1.768147e-04   
test/15122     ...        0.000522  2.639465e-04    0.001404  1.740173e-04   
test/15124     ...        0.000088 -4.291426e-07   -0.000003 -5.245076e-07   
test/15128     ...        0.000435  3.535976e-04    0.000605  2.637796e-04   
...            ...             ...           ...         ...           ...   
test/15255     ...        0.000331  2.605849e-04    0.001115  8.075828e-05   
test/15276     ...        0.000346  1.752968e-04    0.000516  8.547884e-05   
test/15281     ...        0.000700  2.638750e-04    0.000779  1.739299e-04   
test/15294     ...        0.000524  4.428910e-04    0.000784  2.639545e-04   
test/15302     ...        0.000175  1.775140e-04    0.000173 -9.615973e-07   
test/15306     ...        0.000787  1.742239e-04    0.000419  1.733180e-04   
test/15308     ...        0.001139  1.728650e-04    0.000767  1.716570e-04   
test/15311     ...        0.000528  2.656631e-04    0.000434  8.696495e-05   
test/15335     ...        0.000429  3.519525e-04    0.000951  1.726186e-04   
test/15337     ...        0.000705  8.693316e-05    0.000610  1.755908e-04   
test/15349     ...        0.000778  2.608710e-04    0.001027  2.594087e-04   
test/15363     ...        0.000865  2.601558e-04    0.001023  1.693842e-04   
test/15366     ...        0.000432  1.744385e-04    0.000243  8.442983e-05   
test/15372     ...        0.000558  2.494987e-04    0.000865  1.563589e-04   
test/15404     ...        0.000613  1.753683e-04    0.000516  8.556626e-05   
test/15421     ...        0.000601  2.612286e-04    0.000762  8.154504e-05   
test/15425     ...        0.000257  8.636097e-05    0.000339  1.748915e-04   
test/15464     ...        0.000351  4.441785e-04    0.000614  2.655280e-04   
test/15467     ...        0.000258  8.657554e-05    0.000518  8.600335e-05   
test/15468     ...        0.000436  1.755114e-04    0.000784  8.574110e-05   
test/15479     ...        1.000000  2.650909e-04    0.000520  1.754160e-04   
test/15487     ...        0.000265  1.000000e+00    0.000620  8.836364e-05   
test/15501     ...        0.000520  6.199044e-04    1.000000  3.515313e-04   
test/15542     ...        0.000175  8.836364e-05    0.000352  1.000000e+00   
test/15544     ...        0.000086  8.836364e-05    0.000173  5.339408e-04   
test/15545     ...        0.000346  2.644472e-04    0.000248  8.547884e-05   
test/15561     ...        0.000707  1.765127e-04    0.000702  8.696495e-05   
test/15565     ...        0.000606  2.625161e-04    0.001305  8.854721e-04   
test/15571     ...        0.000873  4.408168e-04    0.001038  8.311856e-05   
test/15575     ...        0.000524 -2.932474e-06    0.000338  8.556626e-05   

              test/15544  test/15545  test/15561  test/15565  test/15571  \
test/14843  6.895685e-05    0.000814    0.000756    0.001121    0.001656   
test/14852 -9.004047e-06    0.000946    0.000604    0.000657    0.000835   
test/14865  8.565368e-05    0.000343    0.000349    0.000780    0.000335   
test/14888  1.694716e-04    0.001125    0.000604    0.001104    0.001193   
test/14900  8.180729e-05    0.000774    0.000607    0.000935    0.001113   
test/14907 -3.846389e-06    0.000877    0.000259    0.000422    0.000689   
test/14909  8.294372e-05    0.000690    0.000342    0.000318    0.001209   
test/14921  1.574079e-04    0.001168    0.000933    0.001295    0.002543   
test/14932  1.748041e-04    0.000165    0.000349    0.000959    0.000691   
test/14941  1.720941e-04    0.000690    0.000432    0.000585    0.001031   
test/14943 -6.993435e-07    0.000176    0.000266    0.000352    0.000174   
test/14949  1.737551e-04    0.000607    0.000614    0.001130    0.000863   
test/14978  1.750663e-04    0.000166    0.000349    0.000515    0.001139   
test/14982 -1.311269e-05    0.000752    0.000416    0.000809    0.001433   
test/15001 -1.398687e-06    0.000173    0.000443    0.000259    0.000259   
test/15004 -1.573523e-06    0.000351    0.000264    0.000347    0.000258   
test/15024 -2.622538e-06    0.000257    0.000529    0.000340    0.000518   
test/15031  8.408016e-05    0.000248    0.000702    0.000860    0.000681   
test/15037 -1.573523e-06    0.000083    0.000442    0.000347    0.000525   
test/15052  1.756783e-04    0.000347    0.000351    0.000786    0.000608   
test/15060  2.638671e-04    0.000075    0.000438    0.000512    0.000602   
test/15061  1.758531e-04    0.000169    0.000618    0.000609    0.000876   
test/15063  1.520754e-04    0.001148    0.000654    0.001173    0.002064   
test/15069 -6.119255e-07    0.000087   -0.000001   -0.000004   -0.000004   
test/15091  1.701709e-04    0.001039    0.000427    0.000841    0.001375   
test/15111  8.722720e-05    0.000260    0.000263    0.000345    0.000345   
test/15119  8.766429e-05    0.000262    0.000264    0.000436    0.000436   
test/15122  1.740173e-04    0.000429    0.000703    0.001400    0.001489   
test/15124 -5.245076e-07    0.000087    0.000088   -0.000003    0.000086   
test/15128  1.746292e-04    0.000343    0.000437    0.000868    0.000690   
...                  ...         ...         ...         ...         ...   
test/15255  2.590591e-04    0.000592    0.000427    0.000661    0.000839   
test/15276 -3.671553e-06    0.000343    0.000616    0.000690    0.000690   
test/15281  2.630803e-04    0.000251    0.000525    0.000953    0.001399   
test/15294  1.748041e-04    0.000432    0.000438    0.000691    0.000602   
test/15302  1.773392e-04    0.000085    0.000265    0.000261    0.000351   
test/15306  2.624684e-04    0.000248    0.000434    0.000771    0.000949   
test/15308  2.608074e-04    0.000331    0.000609    0.000939    0.001474   
test/15311 -2.185448e-06    0.000348    0.000441    0.000343    0.000699   
test/15335 -5.682166e-06    0.000692    0.000789    0.000856    0.001034   
test/15337  1.755908e-04    0.000168    0.000529    0.000518    0.000607   
test/15349  1.702583e-04    0.000772    0.000873    0.001198    0.001376   
test/15363  8.023377e-05    0.000412    0.000604    0.000568    0.001103   
test/15366  1.735802e-04    0.000517    0.000346    0.000594    0.000505   
test/15372  2.455093e-04    0.000808    0.000485    0.000754    0.000754   
test/15404 -3.584135e-06    0.000521    0.000527    0.000691    0.000780   
test/15421 -7.605360e-06    0.000506    0.000428    0.000755    0.001111   
test/15425 -3.409299e-06    0.000344    0.000438    0.000335    0.000514   
test/15464  1.763776e-04    0.000260    0.000441    0.000701    0.000523   
test/15467 -3.147046e-06    0.000255    0.000349    0.000337    0.000337   
test/15468 -3.409299e-06    0.000165    0.000527    0.000424    0.000781   
test/15479  8.626560e-05    0.000346    0.000707    0.000606    0.000873   
test/15487  8.836364e-05    0.000264    0.000177    0.000263    0.000441   
test/15501  1.732306e-04    0.000248    0.000702    0.001305    0.001038   
test/15542  5.339408e-04    0.000085    0.000087    0.000885    0.000083   
test/15544  1.000000e+00    0.000085   -0.000002    0.000885    0.000083   
test/15545  8.547884e-05    1.000000    0.000348    0.000244    0.000512   
test/15561 -2.185448e-06    0.000348    1.000000    0.000610    0.000878   
test/15565  8.854721e-04    0.000244    0.000610    1.000000    0.001210   
test/15571  8.311856e-05    0.000512    0.000878    0.001210    1.000000   
test/15575  8.556626e-05    0.000432    0.000438    0.000691    0.000780   

            test/15575  
test/14843    0.000727  
test/14852    0.000858  
test/14865    0.000700  
test/14888    0.000680  
test/14900    0.000329  
test/14907    0.000431  
test/14909    0.000690  
test/14921    0.001081  
test/14932    0.000344  
test/14941    0.000333  
test/14943    0.000265  
test/14949    0.000518  
test/14978    0.000255  
test/14982    0.000486  
test/15001    0.000441  
test/15004    0.000262  
test/15024    0.000436  
test/15031    0.000338  
test/15037    0.000262  
test/15052    0.000703  
test/15060    0.000076  
test/15061    0.000704  
test/15063    0.001061  
test/15069   -0.000002  
test/15091    0.000683  
test/15111    0.000260  
test/15119    0.000173  
test/15122    0.000251  
test/15124    0.000087  
test/15128    0.000343  
...                ...  
test/15255    0.000236  
test/15276    0.000343  
test/15281    0.000519  
test/15294    0.000254  
test/15302    0.000175  
test/15306    0.000427  
test/15308    0.000956  
test/15311    0.000438  
test/15335    0.000425  
test/15337    0.000614  
test/15349    0.000416  
test/15363    0.000502  
test/15366    0.000963  
test/15372    0.000453  
test/15404    0.000700  
test/15421    0.000952  
test/15425    0.000344  
test/15464    0.000171  
test/15467    0.000256  
test/15468    0.000522  
test/15479    0.000524  
test/15487   -0.000003  
test/15501    0.000338  
test/15542    0.000086  
test/15544    0.000086  
test/15545    0.000432  
test/15561    0.000438  
test/15565    0.000691  
test/15571    0.000780  
test/15575    1.000000  

[69 rows x 69 columns]
